864
394
776
911
430
41
265
988
523
497
414
940
802
849
310
991
488
366
597
913
929
223
516
142
288
143
773
97
633
818
256
931
545
722
829
616
923
150
317
101
747
75
920
870
700
338
483
573
103
362
444
323
625
655
934
209
989
565
488
453
886
533
266
63
824
940
561
937
14
95
736
860
408
727
844
803
684
640
1
626
505
847
888
341
249
747
333
720
891
64
195
939
581
227
244
822
990
145
822
556
458
93
82
327
896
520
955
501
111
308
564
298
723
127
560
340
834
944
553
208
986
818
617
560
601
294
455
93
610
817
394
324
589
247
297
188
193
841
191
33
627
672
266
487
70
91
695
775
133
897
153
945
39
862
82
919
716
945
849
553
699
400
857
722
537
282
534
831
241
869
220
916
695
603
845
972
429
593
281
461
504
676
656
717
938
812
365
84
332
627
118
498
601
645
343
865
194
248
16
749
277
119
722
225
380
813
174
340
436
835
63
103
801
149
875
714
224
46
836
587
649
931
958
547
616
696
75
27
127
650
193
620
850
589
122
400
93
379
853
118
37
620
22
199
984
993
189
735
126
490
215
744
819
62
959
695
